<?xml version="1.0" encoding="UTF-8"?>
<kml xmlns="http://www.opengis.net/kml/2.2">
  <Document>
    <name>KMLSOLOCUENCA</name>
    <description/>
    <Style id="poly-000000-1200-8-normal">
      <LineStyle>
        <color>ff000000</color>
        <width>1.2</width>
      </LineStyle>
      <PolyStyle>
        <color>08000000</color>
        <fill>1</fill>
        <outline>1</outline>
      </PolyStyle>
    </Style>
    <Style id="poly-000000-1200-8-highlight">
      <LineStyle>
        <color>ff000000</color>
        <width>1.8</width>
      </LineStyle>
      <PolyStyle>
        <color>08000000</color>
        <fill>1</fill>
        <outline>1</outline>
      </PolyStyle>
    </Style>
    <StyleMap id="poly-000000-1200-8">
      <Pair>
        <key>normal</key>
        <styleUrl>#poly-000000-1200-8-normal</styleUrl>
      </Pair>
      <Pair>
        <key>highlight</key>
        <styleUrl>#poly-000000-1200-8-highlight</styleUrl>
      </Pair>
    </StyleMap>
    <Folder>
      <name>KMLSOLOCUENCA.kml</name>
      <Placemark>
        <name/>
        <description><![CDATA[descripción: OK1<br>Name: CUENCAMT<br>description: OK1]]></description>
        <styleUrl>#poly-000000-1200-8</styleUrl>
        <ExtendedData>
          <Data name="descripción">
            <value>OK1</value>
          </Data>
          <Data name="Name">
            <value>CUENCAMT</value>
          </Data>
          <Data name="description">
            <value>OK1</value>
          </Data>
        </ExtendedData>
        <Polygon>
          <outerBoundaryIs>
            <LinearRing>
              <tessellate>1</tessellate>
              <coordinates>
                -58.753454,-35.155249,0
                -58.735572,-35.139897,0
                -58.719884,-35.151751,0
                -58.689308,-35.124668,0
                -58.687207,-35.12536,0
                -58.686011,-35.123917,0
                -58.681786,-35.126732,0
                -58.680583,-35.125718,0
                -58.675819,-35.129529,0
                -58.674266,-35.128653,0
                -58.672678,-35.129924,0
                -58.671303,-35.128764,0
                -58.672376,-35.127059,0
                -58.665483,-35.122548,0
                -58.669017,-35.119439,0
                -58.656607,-35.111575,0
                -58.657487,-35.111013,0
                -58.636617,-35.099047,0
                -58.630592,-35.094973,0
                -58.632015,-35.093129,0
                -58.614344,-35.077761,0
                -58.629146,-35.077357,0
                -58.627789,-35.075196,0
                -58.629735,-35.073358,0
                -58.621647,-35.067829,0
                -58.633113,-35.058376,0
                -58.632767,-35.058511,0
                -58.612542,-35.040253,0
                -58.612414,-35.040045,0
                -58.612141,-35.040287,0
                -58.603966,-35.045633,0
                -58.580465,-35.023451,0
                -58.578054,-35.024783,0
                -58.573713,-35.020954,0
                -58.574846,-35.019155,0
                -58.56743,-35.01257,0
                -58.559817,-35.017315,0
                -58.55863,-35.011711,0
                -58.555013,-35.008495,0
                -58.535862,-35.021712,0
                -58.526079,-35.01419,0
                -58.526655,-35.002563,0
                -58.522978,-35.002821,0
                -58.52301,-35.001008,0
                -58.521166,-35.001439,0
                -58.521064,-34.996905,0
                -58.513833,-34.990621,0
                -58.516981,-34.989149,0
                -58.514304,-34.984886,0
                -58.515532,-34.983905,0
                -58.512013,-34.979569,0
                -58.491239,-34.961182,0
                -58.461058,-34.985129,0
                -58.441931,-34.967509,0
                -58.46431,-34.948605,0
                -58.452727,-34.939997,0
                -58.449161,-34.934512,0
                -58.448312,-34.930875,0
                -58.446194,-34.926466,0
                -58.446202,-34.926376,0
                -58.446004,-34.926457,0
                -58.436262,-34.907591,0
                -58.431058,-34.899912,0
                -58.428354,-34.903311,0
                -58.422155,-34.900484,0
                -58.420082,-34.903547,0
                -58.408451,-34.897844,0
                -58.408441,-34.898359,0
                -58.405686,-34.897121,0
                -58.405334,-34.897402,0
                -58.404367,-34.897104,0
                -58.402735,-34.898856,0
                -58.401771,-34.898443,0
                -58.400063,-34.900538,0
                -58.399031,-34.90001,0
                -58.397973,-34.900854,0
                -58.397009,-34.900384,0
                -58.395869,-34.901857,0
                -58.393323,-34.900621,0
                -58.392828,-34.901072,0
                -58.392416,-34.900781,0
                -58.390469,-34.900869,0
                -58.390059,-34.900521,0
                -58.387099,-34.902713,0
                -58.385736,-34.901379,0
                -58.387293,-34.899912,0
                -58.384634,-34.897301,0
                -58.383716,-34.89809,0
                -58.382464,-34.898188,0
                -58.382567,-34.896472,0
                -58.36918,-34.895435,0
                -58.368395,-34.896512,0
                -58.365574,-34.895157,0
                -58.364867,-34.895777,0
                -58.364315,-34.895598,0
                -58.363433,-34.894499,0
                -58.360078,-34.895541,0
                -58.359953,-34.894853,0
                -58.356046,-34.895716,0
                -58.35644,-34.896866,0
                -58.35028,-34.899186,0
                -58.349663,-34.898777,0
                -58.350959,-34.893014,0
                -58.349934,-34.892199,0
                -58.352724,-34.888116,0
                -58.355619,-34.889243,0
                -58.356186,-34.888678,0
                -58.356946,-34.88886,0
                -58.357797,-34.888013,0
                -58.358556,-34.888252,0
                -58.359475,-34.887463,0
                -58.360853,-34.887997,0
                -58.361845,-34.887037,0
                -58.363222,-34.887628,0
                -58.364217,-34.886497,0
                -58.367176,-34.88791,0
                -58.3681,-34.886835,0
                -58.369685,-34.887486,0
                -58.372472,-34.883517,0
                -58.371783,-34.883222,0
                -58.372571,-34.882031,0
                -58.371059,-34.881209,0
                -58.371916,-34.880019,0
                -58.365385,-34.876611,0
                -58.368808,-34.872079,0
                -58.372998,-34.874424,0
                -58.374644,-34.871985,0
                -58.373405,-34.871396,0
                -58.374259,-34.869826,0
                -58.372962,-34.869216,0
                -58.373605,-34.868309,0
                -58.369887,-34.866714,0
                -58.371456,-34.864617,0
                -58.369877,-34.86368,0
                -58.370305,-34.863113,0
                -58.368585,-34.862289,0
                -58.370299,-34.859908,0
                -58.367207,-34.858264,0
                -58.370413,-34.854129,0
                -58.373714,-34.855719,0
                -58.376926,-34.85124,0
                -58.376034,-34.850713,0
                -58.377321,-34.848842,0
                -58.376771,-34.848548,0
                -58.377276,-34.847582,0
                -58.376037,-34.847051,0
                -58.383394,-34.836503,0
                -58.38649,-34.837918,0
                -58.38692,-34.837237,0
                -58.388028,-34.837366,0
                -58.388123,-34.836051,0
                -58.38861,-34.836,0
                -58.389593,-34.835426,0
                -58.3895,-34.835413,0
                -58.389346,-34.834409,0
                -58.389513,-34.831789,0
                -58.388301,-34.831629,0
                -58.388746,-34.829584,0
                -58.3873,-34.829565,0
                -58.388581,-34.826196,0
                -58.386792,-34.825981,0
                -58.387165,-34.824651,0
                -58.387231,-34.824565,0
                -58.387109,-34.824555,0
                -58.387513,-34.821603,0
                -58.388466,-34.820185,0
                -58.387495,-34.8196,0
                -58.388151,-34.818559,0
                -58.387637,-34.818219,0
                -58.388237,-34.81713,0
                -58.385373,-34.815708,0
                -58.387621,-34.813115,0
                -58.388884,-34.813609,0
                -58.388695,-34.811412,0
                -58.389615,-34.811663,0
                -58.390031,-34.811096,0
                -58.39135,-34.811686,0
                -58.391712,-34.810928,0
                -58.392741,-34.811514,0
                -58.393004,-34.809895,0
                -58.394777,-34.81092,0
                -58.394806,-34.811081,0
                -58.394891,-34.81097,0
                -58.397527,-34.812244,0
                -58.398126,-34.811155,0
                -58.399015,-34.81007,0
                -58.400505,-34.810757,0
                -58.40116,-34.809764,0
                -58.398528,-34.808299,0
                -58.4003,-34.806414,0
                -58.401564,-34.806813,0
                -58.402457,-34.805489,0
                -58.40131,-34.804997,0
                -58.402438,-34.803485,0
                -58.40284,-34.803634,0
                -58.404975,-34.800848,0
                -58.406065,-34.801291,0
                -58.40642,-34.800867,0
                -58.406476,-34.800842,0
                -58.406716,-34.800537,0
                -58.406617,-34.799629,0
                -58.4077,-34.79745,0
                -58.407189,-34.796966,0
                -58.408146,-34.795309,0
                -58.409011,-34.795416,0
                -58.409117,-34.792937,0
                -58.409187,-34.792862,0
                -58.407623,-34.786431,0
                -58.409077,-34.785973,0
                -58.410677,-34.783943,0
                -58.408329,-34.782768,0
                -58.409216,-34.78173,0
                -58.406582,-34.780456,0
                -58.407588,-34.779229,0
                -58.403978,-34.77756,0
                -58.404868,-34.776379,0
                -58.403262,-34.775738,0
                -58.406283,-34.771962,0
                -58.405818,-34.769094,0
                -58.40584,-34.769065,0
                -58.405443,-34.76736,0
                -58.403967,-34.767484,0
                -58.403543,-34.764724,0
                -58.405089,-34.765496,0
                -58.404925,-34.764993,0
                -58.406403,-34.764798,0
                -58.405758,-34.762285,0
                -58.405766,-34.762265,0
                -58.405714,-34.762285,0
                -58.404252,-34.754932,0
                -58.40432,-34.754808,0
                -58.403901,-34.752925,0
                -58.402511,-34.753049,0
                -58.401755,-34.74957,0
                -58.40019,-34.749835,0
                -58.399165,-34.744528,0
                -58.399203,-34.744447,0
                -58.399123,-34.744456,0
                -58.397672,-34.736567,0
                -58.397683,-34.736539,0
                -58.396303,-34.736733,0
                -58.396067,-34.73549,0
                -58.390183,-34.73651,0
                -58.390163,-34.728579,0
                -58.390077,-34.728591,0
                -58.390105,-34.727136,0
                -58.390282,-34.725446,0
                -58.387305,-34.722568,0
                -58.38833,-34.721843,0
                -58.38742,-34.721115,0
                -58.386511,-34.721819,0
                -58.382229,-34.717755,0
                -58.386183,-34.714922,0
                -58.384609,-34.713364,0
                -58.384531,-34.713365,0
                -58.385516,-34.712619,0
                -58.383049,-34.71024,0
                -58.38398,-34.709594,0
                -58.381546,-34.707149,0
                -58.382456,-34.706398,0
                -58.381546,-34.705646,0
                -58.382193,-34.705035,0
                -58.380404,-34.703532,0
                -58.381167,-34.702875,0
                -58.380201,-34.702051,0
                -58.381111,-34.701324,0
                -58.380201,-34.700573,0
                -58.383162,-34.698299,0
                -58.383188,-34.698286,0
                -58.383172,-34.698285,0
                -58.383881,-34.697465,0
                -58.38552,-34.69607,0
                -58.384787,-34.695416,0
                -58.385614,-34.694755,0
                -58.384638,-34.692395,0
                -58.383876,-34.691011,0
                -58.383774,-34.691052,0
                -58.382985,-34.69003,0
                -58.382068,-34.690876,0
                -58.381042,-34.690157,0
                -58.379468,-34.691529,0
                -58.378308,-34.690636,0
                -58.377016,-34.691706,0
                -58.375969,-34.690929,0
                -58.37437,-34.692357,0
                -58.373233,-34.691465,0
                -58.372388,-34.69214,0
                -58.371411,-34.691307,0
                -58.370613,-34.691964,0
                -58.36959,-34.691149,0
                -58.368607,-34.691765,0
                -58.363589,-34.687405,0
                -58.364456,-34.686749,0
                -58.361574,-34.684154,0
                -58.360944,-34.684489,0
                -58.361207,-34.681669,0
                -58.361231,-34.681642,0
                -58.361207,-34.681643,0
                -58.362287,-34.673636,0
                -58.360979,-34.672387,0
                -58.362597,-34.669967,0
                -58.360995,-34.669221,0
                -58.361587,-34.668485,0
                -58.360743,-34.667977,0
                -58.360709,-34.667946,0
                -58.360697,-34.667977,0
                -58.360344,-34.668315,0
                -58.357683,-34.666219,0
                -58.358312,-34.66596,0
                -58.357703,-34.665227,0
                -58.356515,-34.664563,0
                -58.356494,-34.664504,0
                -58.356493,-34.664505,0
                -58.354873,-34.663567,0
                -58.355605,-34.662738,0
                -58.35303,-34.660986,0
                -58.352039,-34.66206,0
                -58.349414,-34.660556,0
                -58.348751,-34.661386,0
                -58.348201,-34.661169,0
                -58.346538,-34.661203,0
                -58.346489,-34.661178,0
                -58.346486,-34.661184,0
                -58.340971,-34.6613,0
                -58.340574,-34.650825,0
                -58.341349,-34.650756,0
                -58.341321,-34.649547,0
                -58.340979,-34.647874,0
                -58.342327,-34.643933,0
                -58.342919,-34.643178,0
                -58.343726,-34.641782,0
                -58.345354,-34.639729,0
                -58.350191,-34.634453,0
                -58.352114,-34.633478,0
                -58.353469,-34.632065,0
                -58.353495,-34.632073,0
                -58.353512,-34.631975,0
                -58.353686,-34.631329,0
                -58.354239,-34.63021,0
                -58.354784,-34.629512,0
                -58.356074,-34.628461,0
                -58.357241,-34.627809,0
                -58.357269,-34.627827,0
                -58.357311,-34.627772,0
                -58.361473,-34.625042,0
                -58.362611,-34.624657,0
                -58.36338,-34.624267,0
                -58.363898,-34.623739,0
                -58.36423,-34.623324,0
                -58.364654,-34.622891,0
                -58.365443,-34.622635,0
                -58.371251,-34.623037,0
                -58.371205,-34.624219,0
                -58.372657,-34.624334,0
                -58.372658,-34.625459,0
                -58.373971,-34.625591,0
                -58.373902,-34.626773,0
                -58.374479,-34.626781,0
                -58.377928,-34.62862,0
                -58.37791,-34.628646,0
                -58.377996,-34.628659,0
                -58.379068,-34.629341,0
                -58.379055,-34.629373,0
                -58.379091,-34.62936,0
                -58.379583,-34.627764,0
                -58.381405,-34.627827,0
                -58.381428,-34.629029,0
                -58.38272,-34.629065,0
                -58.382754,-34.629714,0
                -58.387986,-34.630089,0
                -58.387847,-34.631308,0
                -58.391303,-34.631621,0
                -58.392172,-34.627225,0
                -58.396864,-34.628088,0
                -58.397511,-34.624472,0
                -58.399123,-34.624646,0
                -58.399308,-34.623446,0
                -58.400874,-34.623619,0
                -58.40136,-34.622328,0
                -58.402387,-34.622463,0
                -58.402813,-34.621165,0
                -58.404469,-34.621472,0
                -58.404793,-34.620217,0
                -58.406218,-34.620541,0
                -58.406423,-34.619438,0
                -58.407732,-34.619698,0
                -58.408144,-34.617454,0
                -58.409297,-34.617499,0
                -58.409628,-34.615267,0
                -58.411141,-34.615317,0
                -58.411473,-34.613056,0
                -58.41309,-34.613345,0
                -58.414025,-34.611569,0
                -58.420594,-34.613144,0
                -58.420146,-34.615821,0
                -58.421589,-34.61578,0
                -58.421567,-34.61888,0
                -58.421555,-34.618912,0
                -58.422466,-34.618981,0
                -58.422371,-34.620202,0
                -58.424135,-34.620345,0
                -58.424079,-34.621447,0
                -58.426199,-34.621802,0
                -58.426666,-34.621927,0
                -58.426315,-34.623405,0
                -58.428795,-34.623773,0
                -58.429291,-34.622289,0
                -58.432887,-34.622872,0
                -58.433209,-34.621087,0
                -58.435151,-34.621321,0
                -58.435875,-34.619273,0
                -58.442367,-34.621115,0
                -58.442357,-34.621136,0
                -58.442366,-34.621134,0
                -58.443856,-34.621678,0
                -58.444255,-34.621922,0
                -58.444315,-34.621803,0
                -58.447293,-34.622986,0
                -58.446902,-34.623839,0
                -58.453368,-34.626759,0
                -58.454478,-34.62756,0
                -58.455398,-34.626165,0
                -58.458749,-34.627519,0
                -58.459461,-34.626431,0
                -58.460607,-34.626875,0
                -58.467468,-34.628726,0
                -58.466926,-34.629983,0
                -58.476717,-34.632562,0
                -58.476174,-34.633891,0
                -58.478328,-34.634395,0
                -58.477819,-34.635414,0
                -58.479859,-34.635892,0
                -58.47974,-34.636082,0
                -58.480826,-34.636644,0
                -58.481004,-34.636384,0
                -58.482264,-34.636948,0
                -58.482077,-34.637661,0
                -58.483422,-34.638298,0
                -58.48336,-34.638559,0
                -58.48296,-34.639019,0
                -58.490856,-34.642766,0
                -58.49046,-34.643154,0
                -58.503159,-34.653704,0
                -58.504024,-34.653085,0
                -58.504409,-34.653475,0
                -58.50445,-34.653453,0
                -58.507183,-34.655547,0
                -58.508166,-34.654853,0
                -58.509188,-34.6558,0
                -58.509161,-34.655819,0
                -58.509187,-34.655819,0
                -58.510244,-34.656777,0
                -58.511279,-34.656002,0
                -58.512573,-34.657234,0
                -58.512812,-34.657452,0
                -58.513882,-34.656649,0
                -58.51521,-34.657968,0
                -58.516349,-34.657194,0
                -58.516695,-34.657517,0
                -58.516812,-34.657443,0
                -58.520762,-34.654444,0
                -58.520247,-34.654194,0
                -58.5213,-34.653391,0
                -58.522085,-34.654059,0
                -58.523243,-34.653171,0
                -58.524454,-34.654216,0
                -58.525051,-34.653766,0
                -58.525783,-34.654461,0
                -58.526397,-34.65404,0
                -58.526909,-34.654461,0
                -58.527248,-34.655838,0
                -58.530067,-34.658005,0
                -58.529379,-34.658697,0
                -58.530067,-34.659006,0
                -58.529251,-34.660055,0
                -58.529869,-34.660392,0
                -58.528538,-34.662222,0
                -58.529929,-34.662882,0
                -58.527555,-34.665916,0
                -58.528757,-34.666488,0
                -58.528265,-34.666897,0
                -58.529221,-34.667681,0
                -58.52857,-34.668197,0
                -58.529688,-34.669007,0
                -58.530655,-34.66816,0
                -58.532686,-34.669809,0
                -58.533946,-34.668727,0
                -58.536504,-34.670228,0
                -58.536576,-34.670213,0
                -58.543195,-34.674609,0
                -58.541963,-34.675763,0
                -58.542735,-34.676178,0
                -58.541765,-34.677144,0
                -58.542444,-34.677527,0
                -58.541636,-34.678323,0
                -58.542955,-34.679263,0
                -58.545966,-34.676288,0
                -58.548743,-34.678437,0
                -58.547363,-34.678987,0
                -58.546088,-34.679658,0
                -58.544551,-34.680891,0
                -58.546647,-34.682765,0
                -58.546497,-34.682854,0
                -58.54732,-34.683458,0
                -58.551346,-34.680227,0
                -58.5532,-34.681561,0
                -58.550687,-34.683432,0
                -58.551497,-34.684015,0
                -58.552884,-34.683107,0
                -58.554378,-34.684377,0
                -58.555729,-34.683439,0
                -58.556656,-34.684106,0
                -58.556625,-34.684135,0
                -58.5568,-34.684137,0
                -58.558334,-34.685169,0
                -58.559589,-34.685601,0
                -58.559587,-34.685654,0
                -58.559661,-34.685632,0
                -58.559913,-34.685665,0
                -58.560053,-34.685905,0
                -58.560953,-34.686035,0
                -58.561635,-34.686251,0
                -58.562997,-34.686804,0
                -58.563711,-34.687289,0
                -58.566142,-34.68863,0
                -58.565554,-34.689219,0
                -58.566584,-34.690155,0
                -58.566549,-34.690204,0
                -58.566641,-34.690198,0
                -58.567267,-34.69073,0
                -58.568645,-34.691223,0
                -58.569578,-34.690709,0
                -58.57135,-34.691732,0
                -58.572636,-34.69084,0
                -58.57383,-34.691904,0
                -58.575526,-34.690683,0
                -58.575863,-34.69126,0
                -58.579545,-34.688679,0
                -58.581021,-34.690175,0
                -58.580974,-34.690209,0
                -58.581252,-34.690178,0
                -58.582523,-34.691399,0
                -58.583433,-34.690703,0
                -58.582967,-34.690089,0
                -58.583756,-34.68949,0
                -58.58342,-34.688878,0
                -58.584694,-34.68782,0
                -58.584014,-34.687061,0
                -58.585856,-34.685723,0
                -58.585259,-34.685179,0
                -58.586751,-34.684016,0
                -58.584959,-34.682457,0
                -58.586711,-34.681261,0
                -58.586155,-34.680897,0
                -58.58923,-34.678285,0
                -58.587608,-34.676943,0
                -58.592216,-34.673312,0
                -58.59623,-34.676613,0
                -58.59579,-34.677073,0
                -58.596985,-34.678089,0
                -58.595973,-34.679043,0
                -58.597257,-34.679952,0
                -58.596332,-34.680836,0
                -58.597528,-34.681815,0
                -58.599678,-34.680159,0
                -58.602492,-34.682803,0
                -58.608332,-34.678004,0
                -58.610385,-34.67953,0
                -58.610778,-34.67932,0
                -58.614234,-34.6824,0
                -58.615111,-34.681766,0
                -58.61639,-34.682961,0
                -58.616259,-34.683067,0
                -58.619462,-34.68575,0
                -58.619404,-34.685795,0
                -58.619534,-34.685787,0
                -58.620236,-34.685223,0
                -58.6278,-34.692224,0
                -58.627097,-34.692836,0
                -58.631822,-34.696991,0
                -58.632465,-34.696522,0
                -58.634747,-34.698459,0
                -58.635084,-34.698302,0
                -58.635664,-34.698117,0
                -58.636657,-34.70099,0
                -58.639548,-34.700736,0
                -58.643024,-34.700107,0
                -58.643016,-34.700584,0
                -58.644867,-34.700414,0
                -58.644969,-34.701274,0
                -58.646827,-34.700627,0
                -58.649387,-34.69951,0
                -58.649057,-34.698457,0
                -58.649769,-34.69732,0
                -58.64424,-34.6964,0
                -58.642938,-34.691235,0
                -58.649195,-34.689969,0
                -58.648638,-34.688722,0
                -58.650148,-34.688167,0
                -58.649268,-34.685486,0
                -58.657372,-34.68424,0
                -58.657583,-34.685482,0
                -58.65932,-34.685215,0
                -58.659645,-34.686555,0
                -58.662311,-34.685916,0
                -58.66275,-34.687352,0
                -58.664956,-34.686613,0
                -58.665172,-34.687569,0
                -58.666331,-34.687296,0
                -58.666665,-34.688062,0
                -58.667937,-34.687981,0
                -58.667603,-34.687214,0
                -58.668068,-34.687028,0
                -58.669436,-34.688093,0
                -58.670476,-34.688104,0
                -58.671249,-34.690307,0
                -58.670434,-34.690679,0
                -58.670997,-34.691639,0
                -58.672151,-34.691652,0
                -58.673716,-34.694912,0
                -58.67266,-34.69595,0
                -58.67665,-34.699237,0
                -58.677356,-34.698482,0
                -58.678836,-34.699833,0
                -58.681291,-34.697952,0
                -58.683121,-34.699116,0
                -58.686746,-34.696294,0
                -58.6945,-34.695328,0
                -58.698597,-34.699187,0
                -58.697429,-34.700033,0
                -58.699366,-34.701771,0
                -58.698425,-34.70281,0
                -58.704814,-34.707934,0
                -58.706575,-34.706141,0
                -58.712391,-34.710972,0
                -58.712975,-34.710597,0
                -58.714235,-34.711278,0
                -58.715871,-34.710055,0
                -58.717128,-34.710927,0
                -58.716312,-34.711395,0
                -58.718592,-34.713422,0
                -58.719991,-34.712578,0
                -58.724661,-34.71692,0
                -58.723244,-34.718909,0
                -58.725867,-34.72113,0
                -58.725045,-34.72198,0
                -58.728236,-34.724875,0
                -58.734895,-34.720079,0
                -58.736034,-34.721141,0
                -58.73709,-34.720102,0
                -58.73765,-34.721253,0
                -58.738701,-34.720501,0
                -58.739611,-34.721464,0
                -58.74125,-34.72005,0
                -58.741815,-34.720914,0
                -58.748356,-34.716212,0
                -58.764887,-34.723249,0
                -58.761614,-34.725792,0
                -58.764919,-34.728878,0
                -58.76328,-34.730292,0
                -58.769594,-34.735822,0
                -58.776883,-34.730523,0
                -58.786631,-34.739838,0
                -58.793114,-34.747156,0
                -58.800502,-34.742695,0
                -58.802299,-34.74498,0
                -58.803955,-34.744391,0
                -58.808647,-34.749122,0
                -58.81087,-34.74733,0
                -58.820293,-34.741226,0
                -58.823879,-34.74655,0
                -58.849003,-34.756612,0
                -58.841848,-34.76291,0
                -58.847557,-34.76802,0
                -58.845218,-34.770001,0
                -58.84739,-34.771739,0
                -58.846686,-34.772495,0
                -58.847253,-34.773264,0
                -58.846435,-34.773924,0
                -58.853493,-34.779786,0
                -58.854079,-34.779219,0
                -58.857053,-34.781536,0
                -58.858097,-34.78126,0
                -58.861753,-34.784442,0
                -58.861657,-34.784354,0
                -58.861755,-34.784347,0
                -58.862684,-34.784069,0
                -58.864629,-34.785519,0
                -58.88975,-34.766099,0
                -58.921808,-34.772206,0
                -58.933358,-34.782038,0
                -58.937791,-34.779024,0
                -58.95117,-34.790779,0
                -58.94743,-34.793894,0
                -58.971569,-34.814897,0
                -58.962331,-34.822928,0
                -58.966537,-34.828878,0
                -58.966602,-34.832885,0
                -58.963827,-34.832766,0
                -58.963775,-34.836872,0
                -58.97971,-34.852486,0
                -58.968249,-34.860246,0
                -59.008476,-34.895453,0
                -59.008707,-34.895489,0
                -59.029035,-34.913634,0
                -59.025143,-34.916928,0
                -59.052748,-34.941323,0
                -59.050902,-34.942215,0
                -59.0627,-34.95364,0
                -59.061031,-34.955138,0
                -59.063026,-34.957269,0
                -59.05654,-34.962658,0
                -59.061614,-34.96844,0
                -58.992866,-35.021078,0
                -58.994855,-35.023663,0
                -58.977795,-35.036515,0
                -58.967251,-35.027662,0
                -58.966795,-35.027576,0
                -58.93739,-35.049767,0
                -58.946649,-35.058461,0
                -58.934952,-35.067727,0
                -58.944213,-35.076421,0
                -58.933447,-35.084486,0
                -58.93454,-35.085251,0
                -58.930052,-35.091104,0
                -58.925776,-35.094693,0
                -58.898858,-35.086745,0
                -58.889193,-35.094514,0
                -58.882096,-35.089161,0
                -58.880452,-35.08839,0
                -58.871539,-35.081508,0
                -58.853128,-35.096747,0
                -58.841038,-35.09361,0
                -58.819474,-35.110174,0
                -58.820934,-35.110944,0
                -58.784512,-35.136573,0
                -58.784364,-35.134154,0
                -58.777691,-35.138198,0
                -58.777574,-35.138468,0
                -58.753454,-35.155249,0
              </coordinates>
            </LinearRing>
          </outerBoundaryIs>
        </Polygon>
      </Placemark>
    </Folder>
  </Document>
</kml>
